%YAML:1.0
Alpha: 0.8
calibration_time: "Thu Apr  9 20:49:24 2020"
image_width: 1920
image_height: 1080
board_width: 6
board_height: 4
square_size: 1.9099999219179153e-02
flags: 0
camera_matrix: !!opencv-matrix
   rows: 3
   cols: 3
   dt: d
   data: [ 2.1206217883238014e+03, 0., 9.4091665325689178e+02, 0.,
       1.9631158404982850e+03, 5.6575721454806683e+02, 0., 0., 1. ]
distortion_coefficients: !!opencv-matrix
   rows: 5
   cols: 1
   dt: d
   data: [ -1.8414129148567389e+00, -7.1109299365846246e+00,
       -4.7557034470170172e-02, 2.5131050292415226e-02,
       4.6647915085793656e+01 ]
avg_reprojection_error: 2.0321344204785876e+00
image_points: !!opencv-matrix
   rows: 47
   cols: 24
   dt: "2f"
   data: [ 7.66649597e+02, 4.55697906e+02, 8.19828979e+02,
       4.52401886e+02, 8.77462219e+02, 4.49625214e+02, 9.37616577e+02,
       4.47657928e+02, 9.99760376e+02, 4.46299042e+02, 1.06160315e+03,
       4.45737610e+02, 7.65492065e+02, 5.13564270e+02, 8.18841187e+02,
       5.11867493e+02, 8.76713135e+02, 5.10487091e+02, 9.37885193e+02,
       5.09373718e+02, 1.00063586e+03, 5.08360992e+02, 1.06346655e+03,
       5.07473419e+02, 7.65616577e+02, 5.72094788e+02, 8.19366272e+02,
       5.72447632e+02, 8.77470398e+02, 5.72451172e+02, 9.38561829e+02,
       5.72283630e+02, 1.00161072e+03, 5.71447876e+02, 1.06449438e+03,
       5.70361572e+02, 7.67728516e+02, 6.30018188e+02, 8.21347351e+02,
       6.32332214e+02, 8.78873657e+02, 6.33713196e+02, 9.39713135e+02,
       6.34345398e+02, 1.00232745e+03, 6.33757568e+02, 1.06444922e+03,
       6.32372681e+02, 7.63443298e+02, 4.50469727e+02, 8.16032471e+02,
       4.46795654e+02, 8.73285767e+02, 4.43820526e+02, 9.33288391e+02,
       4.41574188e+02, 9.95043701e+02, 4.39697815e+02, 1.05662085e+03,
       4.39188782e+02, 7.62025208e+02, 5.08197693e+02, 8.15458069e+02,
       5.06075378e+02, 8.72695251e+02, 5.04405212e+02, 9.33602600e+02,
       5.02569550e+02, 9.96338562e+02, 5.01508087e+02, 1.05870789e+03,
       5.00465088e+02, 7.62459778e+02, 5.66377686e+02, 8.15699341e+02,
       5.66445618e+02, 8.73565186e+02, 5.66214233e+02, 9.34541809e+02,
       5.65512024e+02, 9.97478699e+02, 5.64419312e+02, 1.06031104e+03,
       5.63265869e+02, 7.64508484e+02, 6.24358765e+02, 8.17777649e+02,
       6.26305176e+02, 8.75351624e+02, 6.27442932e+02, 9.35874695e+02,
       6.27527527e+02, 9.98387634e+02, 6.26718872e+02, 1.06053552e+03,
       6.25326599e+02, 1.06933643e+03, 3.63074219e+02, 1.11438220e+03,
       3.61498169e+02, 1.15678772e+03, 3.60619904e+02, 1.19656104e+03,
       3.60783417e+02, 1.23336523e+03, 3.61615082e+02, 1.26686914e+03,
       3.62687714e+02, 1.07601099e+03, 4.08366119e+02, 1.12159619e+03,
       4.05897675e+02, 1.16471899e+03, 4.04282501e+02, 1.20482678e+03,
       4.03344910e+02, 1.24166443e+03, 4.02686005e+02, 1.27413684e+03,
       4.00206146e+02, 1.08224902e+03, 4.55975861e+02, 1.12841455e+03,
       4.52437988e+02, 1.17175000e+03, 4.49671204e+02, 1.21202747e+03,
       4.47532562e+02, 1.24908472e+03, 4.45602783e+02, 1.28267542e+03,
       4.44280090e+02, 1.08812964e+03, 5.04785034e+02, 1.13441150e+03,
       5.00478821e+02, 1.17801331e+03, 4.96424042e+02, 1.21835632e+03,
       4.92894348e+02, 1.25542151e+03, 4.89659546e+02, 1.28893530e+03,
       4.86850830e+02, 1.27068311e+03, 3.77393524e+02, 1.30919812e+03,
       3.81995148e+02, 1.34383496e+03, 3.86840881e+02, 1.37460925e+03,
       3.91937103e+02, 1.40214551e+03, 3.96766632e+02, 1.42644336e+03,
       4.01613281e+02, 1.27569897e+03, 4.26649597e+02, 1.31451147e+03,
       4.29592743e+02, 1.34914648e+03, 4.32789307e+02, 1.37992395e+03,
       4.36221466e+02, 1.40708167e+03, 4.39332916e+02, 1.43134595e+03,
       4.42428680e+02, 1.27917627e+03, 4.77629761e+02, 1.31784143e+03,
       4.78843536e+02, 1.35251074e+03, 4.80202637e+02, 1.38333984e+03,
       4.81533813e+02, 1.41046069e+03, 4.82732117e+02, 1.43438318e+03,
       4.84198181e+02, 1.28060107e+03, 5.29622986e+02, 1.31960889e+03,
       5.28976135e+02, 1.35407556e+03, 5.28310425e+02, 1.38460681e+03,
       5.27547302e+02, 1.41195422e+03, 5.26849060e+02, 1.43581958e+03,
       5.26476501e+02, 1.36875854e+03, 3.67223999e+02, 1.40330920e+03,
       3.69527130e+02, 1.43455334e+03, 3.72256073e+02, 1.46260327e+03,
       3.75447723e+02, 1.48767773e+03, 3.78614349e+02, 1.51017358e+03,
       3.82221771e+02, 1.37490320e+03, 4.13475525e+02, 1.40969543e+03,
       4.14452026e+02, 1.44068665e+03, 4.16191711e+02, 1.46854358e+03,
       4.17876770e+02, 1.49355042e+03, 4.19989136e+02, 1.51551611e+03,
       4.21907837e+02, 1.37943542e+03, 4.61076965e+02, 1.41378235e+03,
       4.60769714e+02, 1.44486670e+03, 4.61299591e+02, 1.47248254e+03,
       4.61496552e+02, 1.49746155e+03, 4.62001984e+02, 1.51942078e+03,
       4.62516632e+02, 1.38165759e+03, 5.09126526e+02, 1.41610559e+03,
       5.07650482e+02, 1.44682446e+03, 5.06448883e+02, 1.47464038e+03,
       5.05450226e+02, 1.49939124e+03, 5.04453857e+02, 1.52115930e+03,
       5.03581818e+02, 1.36658533e+03, 3.64669739e+02, 1.40134216e+03,
       3.67141296e+02, 1.43261707e+03, 3.69970825e+02, 1.46072498e+03,
       3.73226288e+02, 1.48604114e+03, 3.76278198e+02, 1.50850549e+03,
       3.79749390e+02, 1.37300073e+03, 4.11146881e+02, 1.40780273e+03,
       4.12318451e+02, 1.43899939e+03, 4.13790527e+02, 1.46691809e+03,
       4.15599457e+02, 1.49187512e+03, 4.17539703e+02, 1.51439209e+03,
       4.19673523e+02, 1.37755188e+03, 4.58535736e+02, 1.41229712e+03,
       4.58497955e+02, 1.44343164e+03, 4.58577148e+02, 1.47128589e+03,
       4.59321747e+02, 1.49595483e+03, 4.59527222e+02, 1.51825708e+03,
       4.60374725e+02, 1.38001135e+03, 5.06564026e+02, 1.41442090e+03,
       5.05550659e+02, 1.44552283e+03, 5.04330078e+02, 1.47348682e+03,
       5.03203217e+02, 1.49800916e+03, 5.02329224e+02, 1.51987878e+03,
       5.01456085e+02, 5.29198425e+02, 4.58477448e+02, 5.53584900e+02,
       4.49304504e+02, 5.81239563e+02, 4.39349091e+02, 6.11683655e+02,
       4.29300934e+02, 6.45855286e+02, 4.18605682e+02, 6.83657593e+02,
       4.07756897e+02, 5.29734009e+02, 4.98486145e+02, 5.54425964e+02,
       4.90490204e+02, 5.82229675e+02, 4.82034485e+02, 6.13266541e+02,
       4.73233002e+02, 6.47601868e+02, 4.63650665e+02, 6.85892578e+02,
       4.54159210e+02, 5.32236877e+02, 5.39430664e+02, 5.57036255e+02,
       5.32964905e+02, 5.84869568e+02, 5.25808472e+02, 6.16176208e+02,
       5.18448242e+02, 6.50971924e+02, 5.10615204e+02, 6.89626648e+02,
       5.02348816e+02, 5.36363708e+02, 5.80765259e+02, 5.61401794e+02,
       5.76005188e+02, 5.89489929e+02, 5.70612549e+02, 6.20801270e+02,
       5.65052246e+02, 6.56158691e+02, 5.58540466e+02, 6.95236755e+02,
       5.51531738e+02, 5.23273621e+02, 4.64649597e+02, 5.46912231e+02,
       4.55998901e+02, 5.73710754e+02, 4.46617065e+02, 6.03669312e+02,
       4.36898102e+02, 6.37444458e+02, 4.26592377e+02, 6.74585754e+02,
       4.16086243e+02, 5.23750000e+02, 5.05132599e+02, 5.47695251e+02,
       4.97543854e+02, 5.74447327e+02, 4.89985413e+02, 6.04783203e+02,
       4.81594025e+02, 6.38616028e+02, 4.72714050e+02, 6.76597534e+02,
       4.63689636e+02, 5.26150208e+02, 5.46226135e+02, 5.49871277e+02,
       5.40657898e+02, 5.77173157e+02, 5.34510864e+02, 6.07580444e+02,
       5.27785645e+02, 6.41975464e+02, 5.20799866e+02, 6.80156738e+02,
       5.13251038e+02, 5.30231506e+02, 5.87982178e+02, 5.54428223e+02,
       5.84036194e+02, 5.81698730e+02, 5.79837036e+02, 6.12503418e+02,
       5.75182495e+02, 6.46991272e+02, 5.69601746e+02, 6.85582275e+02,
       5.63544067e+02, 3.74047943e+02, 5.21642639e+02, 3.89971161e+02,
       5.18169434e+02, 4.07413544e+02, 5.14234558e+02, 4.26916351e+02,
       5.10094513e+02, 4.48844269e+02, 5.05699402e+02, 4.73252563e+02,
       5.01354523e+02, 3.74214905e+02, 5.57669800e+02, 3.90034637e+02,
       5.55260986e+02, 4.07557281e+02, 5.52468933e+02, 4.27339874e+02,
       5.49456726e+02, 4.49288544e+02, 5.46499878e+02, 4.73826874e+02,
