%YAML:1.0
#From stereo camera calibration:
#Left(1):
D1: !!opencv-matrix
  rows: 1
  cols: 5
  dt: d
  data: [0.12422255013644488, -0.20896769293803755, 0.0008807876875212501, -0.0006448331175828254, -0.1457836946389181]
K1: !!opencv-matrix
  rows: 3
  cols: 3
  dt: d
  data: [342.95281631639745, 0.0, 177.17049137027593, 0.0, 375.92378005942845, 136.0673469174414, 0.0, 0.0, 1.0]
R1: !!opencv-matrix
  rows: 3
  cols: 3
  dt: d
  data: [0.9989265528456513, 0.0008315006351268057, 0.046314691260957816, -0.001248339526188596, 0.9999589720614347, 0.008971947518021916, -0.04630533088459054, -0.009020133066234014, 0.9988866069435188]
P1: !!opencv-matrix
  rows: 3
  cols: 4
  dt: d
  data: [414.1995438723134, 0.0, 156.2075252532959, 0.0, 0.0, 414.1995438723134, 139.435284614563, 0.0, 0.0, 0.0, 1.0, 0.0]

#Right(2):
D2: !!opencv-matrix
  rows: 1
  cols: 5
  dt: d
  data: [0.10955471002706879, -0.18855539647348968, -0.0019539896210249716, 0.0019099485638823775, 0.02757619089331889]
K2: !!opencv-matrix
  rows: 3
  cols: 3
  dt: d
  data: [340.48174999040134, 0.0, 184.2605473464727, 0.0, 372.74460830970514, 143.27275300135972, 0.0, 0.0, 1.0]
R2: !!opencv-matrix
  rows: 3
  cols: 3
  dt: d
  data: [0.9980789697416946, -0.009226532774747317, 0.06126370256778511, 0.009777702504714342, 0.9999143236399004, -0.008702983022505427, -0.06117815535864766, 0.009285282586826774, 0.9980836722610965]
P2: !!opencv-matrix
  rows: 3
  cols: 4
  dt: d
  data: [414.1995438723134, 0.0, 156.2075252532959, -41.80852774704636, 0.0, 414.1995438723134, 139.435284614563, 0.0, 0.0, 0.0, 1.0, 0.0]

#Relation:
T: !!opencv-matrix
  rows: 1
  cols: 3
  dt: d
  data: [-0.10074422562148637, 0.000931308972278753, -0.00618384362461199]
R: !!opencv-matrix
  rows: 3
  cols: 3
  dt: d
  data: [0.9998282535460891, 0.011159039745070412, -0.014796595653908992, -0.010894819234942303, 0.9997818728641062, 0.017818799235019188, 0.014992208803751059, -0.01765453268449573, 0.9997317395936155]
