image_width: 352
image_height: 288
camera_name: ext_usbcam1_l
camera_matrix:
  rows: 3
  cols: 3
  data: [341.348526066158, 0, 175.309376154467, 0, 373.972378111381, 138.699706613777, 0, 0, 1]
distortion_model: plumb_bob
distortion_coefficients:
  rows: 1
  cols: 5
  data: [0.120524723163408, -0.184844015210519, -0.000140063499973523, -0.00261862679816305, -0.0522639380766411]
rectification_matrix:
  rows: 3
  cols: 3
  data: [0.999692715159108, 0.0105582236401987, 0.0224276430187211, -0.0105706673461721, 0.99994403372716, 0.00043635457175, -0.0224217806979778, -0.000673295640314489, 0.999748373553722]
projection_matrix:
  rows: 3
  cols: 4
  data: [404.926456069452, 0, 162.677215576172, 0, 0, 404.926456069452, 143.441785812378, 0, 0, 0, 1, 0]