%YAML:1.0
#From stereo camera calibration:
#Left(1):
D1: !!opencv-matrix
  rows: 1
  cols: 5
  dt: d
  data: [0.1078215751508174, -0.16315739255636091, 0.0019250279612020333, 0.00045015160708718985, -0.11576349434984093]
K1: !!opencv-matrix
  rows: 3
  cols: 3
  dt: d
  data: [341.27269899997964, 0.0, 177.69718456986348, 0.0, 373.7840145477927, 138.9097520261527, 0.0, 0.0, 1.0]
R1: !!opencv-matrix
  rows: 3
  cols: 3
  dt: d
  data: [0.9792268417909961, -0.00885056681472263, 0.2025745783238598, 0.008329815797888225, 0.9999594475288894, 0.0034230785108293887, -0.2025966596091967, -0.001664561436589454, 0.9792608553140573]
P1: !!opencv-matrix
  rows: 3
  cols: 4
  dt: d
  data: [648.0392224385157, 0.0, 177.51475143432617, 0.0, 0.0, 648.0392224385157, 143.74210357666016, 0.0, 0.0, 0.0, 1.0, 0.0]

#Right(2):
D2: !!opencv-matrix
  rows: 1
  cols: 5
  dt: d
  data: [0.10969003562692262, -0.21401989039717426, 0.0021296373586446155, 0.002937136366939508, 0.035382248487414183]
K2: !!opencv-matrix
  rows: 3
  cols: 3
  dt: d
  data: [342.0451919597575, 0.0, 184.94747559773154, 0.0, 374.15702815046177, 147.75907849776223, 0.0, 0.0, 1.0]
R2: !!opencv-matrix
  rows: 3
  cols: 3
  dt: d
  data: [0.9834361717893447, -0.0036583428867072725, -0.1812178593396402, 0.0031930014558000167, 0.999990813900406, -0.002859520328094066, 0.18122665576018782, 0.0022335268359262063, 0.9834388189408894]
P2: !!opencv-matrix
  rows: 3
  cols: 4
  dt: d
  data: [648.0392224385157, 0.0, 177.51475143432617, -80.37711262197519, 0.0, 648.0392224385157, 143.74210357666016, 0.0, 0.0, 0.0, 1.0, 0.0]

#Relation:
T: !!opencv-matrix
  rows: 1
  cols: 3
  dt: d
  data: [-0.12197681436471366, 0.00045374882882547214, 0.022476677004898242]
R: !!opencv-matrix
  rows: 3
  cols: 3
  dt: d
  data: [0.9263177786291169, -0.005812758477196398, 0.3766982676287538, 0.004294886652125645, 0.9999789223673259, 0.004869165198166453, -0.3767186310023223, -0.0028925179286261636, 0.9263232191820352]
