image_width: 352
image_height: 288
camera_name: ext_usbcam1_r
camera_matrix:
  rows: 3
  cols: 3
  data: [338.740268871853, 0, 182.270539492617, 0, 371.177874799789, 147.836366984726, 0, 0, 1]
distortion_model: plumb_bob
distortion_coefficients:
  rows: 1
  cols: 5
  data: [0.11980417475108, -0.285400543510058, 0.00145033253783602, -4.39585124424182e-05, 0.218947399923023]
rectification_matrix:
  rows: 3
  cols: 3
  data: [0.998943165221285, -0.00662671385402665, 0.0454822967887168, 0.00665195616268843, 0.999977794021833, -0.000403661292459065, -0.0454786118619482, 0.00070578093358326, 0.998965063321227]
projection_matrix:
  rows: 3
  cols: 4
  data: [404.926456069452, 0, 162.677215576172, -55.881845931301, 0, 404.926456069452, 143.441785812378, 0, 0, 0, 1, 0]