%YAML:1.0
#From stereo camera calibration:
#Left(1):
D1: !!opencv-matrix
  rows: 1
  cols: 5
  dt: d
  data: [0.12052472316340843, -0.18484401521051905, -0.00014006349997352317, -0.0026186267981630467, -0.052263938076641064]
K1: !!opencv-matrix
  rows: 3
  cols: 3
  dt: d
  data: [341.34852606615834, 0.0, 175.30937615446655, 0.0, 373.97237811138075, 138.69970661377675, 0.0, 0.0, 1.0]
R1: !!opencv-matrix
  rows: 3
  cols: 3
  dt: d
  data: [0.9996927151591075, 0.010558223640198698, 0.022427643018721112, -0.010570667346172144, 0.9999440337271603, 0.0004363545717499996, -0.02242178069797781, -0.0006732956403144893, 0.9997483735537219]
P1: !!opencv-matrix
  rows: 3
  cols: 4
  dt: d
  data: [404.9264560694523, 0.0, 162.67721557617188, 0.0, 0.0, 404.9264560694523, 143.44178581237793, 0.0, 0.0, 0.0, 1.0, 0.0]

#Right(2):
D2: !!opencv-matrix
  rows: 1
  cols: 5
  dt: d
  data: [0.1198041747510803, -0.28540054351005834, 0.0014503325378360226, -4.3958512442418226e-05, 0.21894739992302348]
K2: !!opencv-matrix
  rows: 3
  cols: 3
  dt: d
  data: [338.74026887185346, 0.0, 182.2705394926167, 0.0, 371.1778747997886, 147.83636698472571, 0.0, 0.0, 1.0]
R2: !!opencv-matrix
  rows: 3
  cols: 3
  dt: d
  data: [0.9989431652212852, -0.006626713854026646, 0.04548229678871676, 0.006651956162688434, 0.9999777940218326, -0.0004036612924590649, -0.04547861186194819, 0.0007057809335832602, 0.9989650633212275]
P2: !!opencv-matrix
  rows: 3
  cols: 4
  dt: d
  data: [404.9264560694523, 0.0, 162.67721557617188, -55.881845931301015, 0.0, 404.9264560694523, 143.44178581237793, 0.0, 0.0, 0.0, 1.0, 0.0]

#Relation:
T: !!opencv-matrix
  rows: 1
  cols: 3
  dt: d
  data: [-0.13785907839878808, 0.0009145191603831273, -0.006276781039252635]
R: !!opencv-matrix
  rows: 3
  cols: 3
  dt: d
  data: [0.9995856009755193, 0.017229269770846208, -0.02306032492341046, -0.01721093504479462, 0.9998513874656827, 0.000993326649799899, 0.023074012162901385, -0.0005960252618365778, 0.9997335818689865]
