%YAML:1.0
#From stereo camera calibration:
#Left(1):
D1: !!opencv-matrix
  rows: 1
  cols: 4
  dt: d
  data: [ -4.7309081054921744e-02, 9.6626356731481011e-02,
      -1.1912708419843171e-01, 4.2196543834417323e-02 ]
K1: !!opencv-matrix
  rows: 3
  cols: 3
  dt: d
  data: [ 2.3454722026406847e+02, 0., 3.1718436164670288e+02, 0.,
      2.3564167325874149e+02, 2.5645244466506824e+02, 0., 0., 1. ]
R1: !!opencv-matrix
  rows: 3
  cols: 3
  dt: d
  data: [0.9177948817209087, -0.0411578167245009, 0.39491592676084303, 0.036725505217881295, 0.9991489224238502, 0.018779459144246172, -0.3953527442087566, -0.00273220455519628, 0.9185253086904431]
P1: !!opencv-matrix
  rows: 3
  cols: 4
  dt: d
  data: [1216.0534724937984, 0.0, 209.48388707637787, 0.0, 0.0, 1216.0534724937984, 266.37944531440735, 0.0, 0.0, 0.0, 1.0, 0.0]

#Right(2):
D2: !!opencv-matrix
  rows: 1
  cols: 4
  dt: d
  data: [ -2.2845050225130718e-02, 1.1360574287490091e-02,
      -1.5816242548554897e-02, 3.2722727871710533e-03 ]
K2: !!opencv-matrix
  rows: 3
  cols: 3
  dt: d
  data: [ 2.3256209802090177e+02, 0., 3.2706151779138315e+02, 0.,
      2.3285238983558949e+02, 2.4955939680863000e+02, 0., 0., 1. ]
R2: !!opencv-matrix
  rows: 3
  cols: 3
  dt: d
  data: [0.9274083449899573, -0.03830707408929319, 0.3720837670709457, 0.042467871733204696, 0.9990933573987806, -0.0029904969628230926, -0.3716318628877783, 0.018575017532965796, 0.9281943369845613]
P2: !!opencv-matrix
  rows: 3
  cols: 4
  dt: d
  data: [1216.0534724937984, 0.0, 209.48388707637787, -45.07148828435307, 0.0, 1216.0534724937984, 266.37944531440735, 0.0, 0.0, 0.0, 1.0, 0.0]

#Relation:
T: !!opencv-matrix
  rows: 1
  cols: 3
  dt: d
  data: [-3.3652186453634457e-02, 2.2323943821139819e-03, -0.0015]
#   -0.0015 was manually adjusted.
R: !!opencv-matrix
  rows: 3
  cols: 3
  dt: d
  data: [ 9.9754480020501379e-01, -6.9034719220485624e-02,
      -1.1771963561262961e-02, 6.9129286239813098e-02,
      9.9757702370651125e-01, 7.8245483468863761e-03,
      1.1203274874471796e-02, -8.6191249560204318e-03,
      9.9990009366790222e-01 ]
