%YAML:1.0
K1: !!opencv-matrix
   rows: 3
   cols: 3
   dt: d
   data: [ 3.8293834221467699e+02, 0., 3.1026317605816627e+02, 0.,
       3.8293834221467699e+02, 2.4947612517173192e+02, 0., 0., 1. ]
D1: !!opencv-matrix
   rows: 1
   cols: 5
   dt: d
   data: [ -4.6510529183355342e-01, 1.3198761779602841e-01, 0., 0., 0. ]
K2: !!opencv-matrix
   rows: 3
   cols: 3
   dt: d
   data: [ 3.8293834221467699e+02, 0., 3.1934008487600784e+02, 0.,
       3.8293834221467699e+02, 2.4253249841267123e+02, 0., 0., 1. ]
D2: !!opencv-matrix
   rows: 1
   cols: 5
   dt: d
   data: [ -4.4537375525927131e-01, 1.1112762762819542e-01, 0., 0., 0. ]
R: !!opencv-matrix
   rows: 3
   cols: 3
   dt: d
   data: [ 9.9962961389178073e-01, -1.1197362711972204e-02,
       -2.4804316133809616e-02, 1.0889644034646756e-02,
       9.9986249353285539e-01, -1.2506385531372285e-02,
       2.4940943914938660e-02, 1.2231643166687383e-02,
       9.9961409364918152e-01 ]
T: !!opencv-matrix
   rows: 1
   cols: 3
   dt: d
   data: [ -3.2149296270710712e-02, -2.0099033370718422e-03,
       2.8192000815886447e-03 ]
R1: !!opencv-matrix
   rows: 3
   cols: 3
   dt: d
   data: [ 9.9238498485344651e-01, 4.9950407587520694e-02,
       -1.1259217832187604e-01, -5.0575647944430223e-02,
       9.9871657818388693e-01, -2.7019059327356818e-03,
       1.1231271376129075e-01, 8.3757532502370564e-03,
       9.9363761054272981e-01 ]
R2: !!opencv-matrix
   rows: 3
   cols: 3
   dt: d
   data: [ 9.9425087839497273e-01, 6.2158379503729447e-02,
       -8.7186734474319849e-02, -6.1672888270478822e-02,
       9.9806228846987033e-01, 8.2536771600759361e-03,
       8.7530826930871844e-02, -2.8291680324913819e-03,
       9.9615779379827263e-01 ]
P1: !!opencv-matrix
   rows: 3
   cols: 4
   dt: d
   data: [ 1.7798936282647773e+02, 0., 3.5824711799621582e+02, 0., 0.,
       1.7798936282647773e+02, 2.4769541835784912e+02, 0., 0., 0., 1.,
       0. ]
P2: !!opencv-matrix
   rows: 3
   cols: 4
   dt: d
   data: [ 1.7798936282647773e+02, 0., 3.5824711799621582e+02,
       -5.7553207976852914e+00, 0., 1.7798936282647773e+02,
       2.4769541835784912e+02, 0., 0., 0., 1., 0. ]
Q: !!opencv-matrix
   rows: 4
   cols: 4
   dt: d
   data: [ 1., 0., 0., -3.5824711799621582e+02, 0., 1., 0.,
       -2.4769541835784912e+02, 0., 0., 0., 1.7798936282647773e+02, 0.,
       0., 3.0926054182429336e+01, 0. ]
