%YAML:1.0
K1: !!opencv-matrix
   rows: 3
   cols: 3
   dt: d
   data: [ 2.3553574601729355e+02, 0., 3.1335094001952081e+02, 0.,
       2.3543340893217285e+02, 2.5446639680423689e+02, 0., 0., 1. ]
D1: !!opencv-matrix
   rows: 4
   cols: 1
   dt: d
   data: [ -1.0206605719885668e-03, -3.1812351048067421e-02,
       1.1197006330509598e-02, -3.3876245163278343e-03 ]
K2: !!opencv-matrix
   rows: 3
   cols: 3
   dt: d
   data: [ 2.3641686222032845e+02, 0., 3.2031241060975668e+02, 0.,
       2.3667802907507121e+02, 2.5491017857569040e+02, 0., 0., 1. ]
D2: !!opencv-matrix
   rows: 4
   cols: 1
   dt: d
   data: [ -5.1170391049266045e-02, 4.8795516733825796e-02,
       -4.4472989564327041e-02, 1.0769178642723747e-02 ]
R: !!opencv-matrix
   rows: 3
   cols: 3
   dt: d
   data: [ 9.9925440457498216e-01, 9.6753190360572196e-03,
       -3.7376772721148865e-02, -9.0899400553369706e-03,
       9.9983385443513495e-01, 1.5799889720242002e-02,
       3.7523431709910141e-02, -1.5448356771253606e-02,
       9.9917633095754410e-01 ]
T: !!opencv-matrix
   rows: 1
   cols: 3
   dt: d
   data: [ -3.0674106721194607e-02, 5.8210648906188863e-04,
       1.45e-03 ]
#      1.45e-03 was manually adjusted.
R1: !!opencv-matrix
   rows: 3
   cols: 3
   dt: d
   data: [ 9.9904508255148705e-01, -9.2189692922907442e-03,
       -4.2707536043189644e-02, 9.5444063827072739e-03,
       9.9992690269986795e-01, 7.4225038801272944e-03,
       4.2635986402266790e-02, -7.8230340812608292e-03,
       9.9906004464259757e-01 ]
R2: !!opencv-matrix
   rows: 3
   cols: 3
   dt: d
   data: [ 9.9980727250763002e-01, -1.8973471874108028e-02,
       -5.0423413109385792e-03, 1.8934472672782199e-02,
       9.9979128594066657e-01, -7.6726984635052484e-03,
       5.1868666319108622e-03, 7.5757456498118580e-03,
       9.9995785135794202e-01 ]
P1: !!opencv-matrix
   rows: 3
   cols: 4
   dt: d
   data: [ 1.3207347100353479e+02, 0., -1.0806293958121685e+03, 0., 0.,
       1.3207347100353479e+02, 2.9531681853235875e+02, 0., 0., 0., 1.,
       0. ]
P2: !!opencv-matrix
   rows: 3
   cols: 4
   dt: d
   data: [ 1.3207347100353479e+02, 0., -1.0806293958121685e+03,
       -4.0520166796147308e+00, 0., 1.3207347100353479e+02,
       2.9531681853235875e+02, 0., 0., 0., 1., 0. ]
Q: !!opencv-matrix
   rows: 4
   cols: 4
   dt: d
   data: [ 1., 0., 0., 1.0806293958121685e+03, 0., 1., 0.,
       -2.9531681853235875e+02, 0., 0., 0., 1.3207347100353479e+02, 0.,
       0., 3.2594503292146477e+01, 0. ]
