%YAML:1.0
#From stereo camera calibration:
#Left(1):
D1: !!opencv-matrix
  rows: 1
  cols: 5
  dt: d
  data: [-0.5172667943382598, 0.24882181823790145, 0.005721171744168555, -0.0011314295764294471, -0.04904464645599603]
K1: !!opencv-matrix
  rows: 3
  cols: 3
  dt: d
  data: [319.5201070315582, 0.0, 325.5432668493654, 0.0, 318.0883352972933, 242.2258029297082, 0.0, 0.0, 1.0]
R1: !!opencv-matrix
  rows: 3
  cols: 3
  dt: d
  data: [0.9177948817209087, -0.0411578167245009, 0.39491592676084303, 0.036725505217881295, 0.9991489224238502, 0.018779459144246172, -0.3953527442087566, -0.00273220455519628, 0.9185253086904431]
P1: !!opencv-matrix
  rows: 3
  cols: 4
  dt: d
  data: [1216.0534724937984, 0.0, 209.48388707637787, 0.0, 0.0, 1216.0534724937984, 266.37944531440735, 0.0, 0.0, 0.0, 1.0, 0.0]

#Right(2):
D2: !!opencv-matrix
  rows: 1
  cols: 5
  dt: d
  data: [-0.4863908976797432, 0.23366819433540062, 0.007171973953204925, 0.00046100859001033876, -0.04566102295269452]
K2: !!opencv-matrix
  rows: 3
  cols: 3
  dt: d
  data: [298.7134056984815, 0.0, 319.0925976142779, 0.0, 296.91143599685995, 237.28199595887295, 0.0, 0.0, 1.0]
R2: !!opencv-matrix
  rows: 3
  cols: 3
  dt: d
  data: [0.9274083449899573, -0.03830707408929319, 0.3720837670709457, 0.042467871733204696, 0.9990933573987806, -0.0029904969628230926, -0.3716318628877783, 0.018575017532965796, 0.9281943369845613]
P2: !!opencv-matrix
  rows: 3
  cols: 4
  dt: d
  data: [1216.0534724937984, 0.0, 209.48388707637787, -45.07148828435307, 0.0, 1216.0534724937984, 266.37944531440735, 0.0, 0.0, 0.0, 1.0, 0.0]

#Relation:
T: !!opencv-matrix
  rows: 1
  cols: 3
  dt: d
  data: [-0.034373220669569944, 0.001419803388647637, -0.01379081555841831]
R: !!opencv-matrix
  rows: 3
  cols: 3
  dt: d
  data: [0.9996559631700671, 0.005276999856635269, 0.025692578131408187, -0.005809512377942092, 0.9997689362329207, 0.020695982934489508, -0.025577428808540952, -0.020838124104804026, 0.9994556356934193]
