%YAML:1.0
R: !!opencv-matrix
   rows: 3
   cols: 3
   dt: d
   data: [ 9.9963515063367447e-01, 1.0374291411559551e-02,
       -2.4938718798267576e-02, -9.9971574697470256e-03,
       9.9983449722542295e-01, 1.5199835542229445e-02,
       2.5092278894434918e-02, -1.4944973592943616e-02,
       9.9957342166755825e-01 ]
T: !!opencv-matrix
   rows: 3
   cols: 1
   dt: d
   data: [ -9.6065601314912027e-02, 9.5419386186126908e-04,
       -3.2455653422260805e-03 ]
R1: !!opencv-matrix
   rows: 3
   cols: 3
   dt: d
   data: [ 9.9996236609445577e-01, -6.1672579597558345e-05,
       8.6754015048662834e-03, -3.9096861581166703e-06,
       9.9997142773270165e-01, 7.5593454039789738e-03,
       -8.6756198333067039e-03, -7.5590948343852446e-03,
       9.9993379466132293e-01 ]
R2: !!opencv-matrix
   rows: 3
   cols: 3
   dt: d
   data: [ 9.9938053725093223e-01, -9.9265789341432004e-03,
       3.3763957035609471e-02, 1.0181566345490183e-02,
       9.9992086957960968e-01, -7.3885239330741303e-03,
       -3.3687942513466740e-02, 7.7277169863713292e-03,
       9.9940252397089124e-01 ]
P1: !!opencv-matrix
   rows: 3
   cols: 4
   dt: d
   data: [ 1.6457309019906589e+02, 0., 3.0315999221801758e+02, 0., 0.,
       1.6457309019906589e+02, 2.3625356674194336e+02, 0., 0., 0., 1.,
       0. ]
P2: !!opencv-matrix
   rows: 3
   cols: 4
   dt: d
   data: [ 1.6457309019906589e+02, 0., 3.0315999221801758e+02,
       -1.5819612530894098e+01, 0., 1.6457309019906589e+02,
       2.3625356674194336e+02, 0., 0., 0., 1., 0. ]
Q: !!opencv-matrix
   rows: 4
   cols: 4
   dt: d
   data: [ 1., 0., 0., -3.0315999221801758e+02, 0., 1., 0.,
       -2.3625356674194336e+02, 0., 0., 0., 1.6457309019906589e+02, 0.,
       0., 1.0403104998790036e+01, 0. ]
