%YAML:1.0
M1: !!opencv-matrix
   rows: 3
   cols: 3
   dt: d
   data: [ 2.7000561666543712e+02, 0., 3.2129431094891305e+02, 0.,
       2.7000561666543712e+02, 2.4041057587530642e+02, 0., 0., 1. ]
D1: !!opencv-matrix
   rows: 1
   cols: 5
   dt: d
   data: [ -2.1709994562183432e-01, 3.8225723859672531e-02, 0., 0., 0. ]
M2: !!opencv-matrix
   rows: 3
   cols: 3
   dt: d
   data: [ 2.7000561666543712e+02, 0., 3.0228575091293698e+02, 0.,
       2.7000561666543712e+02, 2.2971641509663974e+02, 0., 0., 1. ]
D2: !!opencv-matrix
   rows: 1
   cols: 5
   dt: d
   data: [ -1.9374466744485819e-01, 2.8092266079079675e-02, 0., 0., 0. ]
