# oST version 5.0 parameters


[image]

width
640

height
480

[/left]

camera matrix
476.150409 0.000000 313.870857
0.000000 472.782801 246.990197
0.000000 0.000000 1.000000

distortion
-0.481816 0.271704 -0.007829 -0.007579 -0.078924

rectification
0.698937 0.055671 -0.713013
-0.050249 0.998325 0.028691
0.713416 0.015775 0.700563

projection
26.050122 0.000000 -681.632717 0.000000
0.000000 26.050122 -53.532479 0.000000
0.000000 0.000000 1.000000 0.000000

# oST version 5.0 parameters


[image]

width
640

height
480

[/right]

camera matrix
596.690584 0.000000 307.882851
0.000000 594.207452 236.856335
0.000000 0.000000 1.000000

distortion
-1.013537 2.091874 -0.010960 0.006755 -2.046658

rectification
0.719732 0.030475 -0.693582
-0.035715 0.999339 0.006847
0.693332 0.019843 0.720345

projection
26.050122 0.000000 -681.632717 -3.519150
0.000000 26.050122 -53.532479 0.000000
0.000000 0.000000 1.000000 0.000000

