%YAML:1.0
R: !!opencv-matrix
   rows: 3
   cols: 3
   dt: d
   data: [ 9.9853762574687477e-01, 1.0622100728134699e-02,
       -5.3007366883439183e-02, -1.1374268142736741e-02,
       9.9983857793703335e-01, -1.3908418064902091e-02,
       5.2851073707270019e-02, 1.4490998756894953e-02,
       9.9849725836529779e-01 ]
T: !!opencv-matrix
   rows: 3
   cols: 1
   dt: d
   data: [ -9.7490551084722654e-02, 3.9993408700630148e-04,
       -6.5002172335491487e-03 ]
R1: !!opencv-matrix
   rows: 3
   cols: 3
   dt: d
   data: [ 9.9987968624181622e-01, 7.4700211235244627e-03,
       1.3594551312242392e-02, -7.3751105202306102e-03,
       9.9994817418397597e-01, -7.0183111178680254e-03,
       -1.3646273695829103e-02, 6.9172054000806154e-03,
       9.9988295889252532e-01 ]
R2: !!opencv-matrix
   rows: 3
   cols: 3
   dt: d
   data: [ 9.9777622388022513e-01, -4.0931630675403140e-03,
       6.6527085276760489e-02, 3.6292470729310305e-03,
       9.9996826057661570e-01, 7.0927008298086293e-03,
       -6.6554005326520060e-02, -6.8354850215672606e-03,
       9.9775941013829450e-01 ]
P1: !!opencv-matrix
   rows: 3
   cols: 4
   dt: d
   data: [ 1.9952313764509856e+02, 0., 2.9183551979064941e+02, 0., 0.,
       1.9952313764509856e+02, 2.3292989349365234e+02, 0., 0., 0., 1.,
       0. ]
P2: !!opencv-matrix
   rows: 3
   cols: 4
   dt: d
   data: [ 1.9952313764509856e+02, 0., 2.9183551979064941e+02,
       -1.9494973098806415e+01, 0., 1.9952313764509856e+02,
       2.3292989349365234e+02, 0., 0., 0., 1., 0. ]
Q: !!opencv-matrix
   rows: 4
   cols: 4
   dt: d
   data: [ 1., 0., 0., -2.9183551979064941e+02, 0., 1., 0.,
       -2.3292989349365234e+02, 0., 0., 0., 1.9952313764509856e+02, 0.,
       0., 1.0234594150700030e+01, 0. ]
