%YAML:1.0
M1: !!opencv-matrix
   rows: 3
   cols: 3
   dt: d
   data: [ 3.0753426998028931e+02, 0., 3.1120403094866072e+02, 0.,
       3.0753426998028931e+02, 2.3132513666830579e+02, 0., 0., 1. ]
D1: !!opencv-matrix
   rows: 1
   cols: 5
   dt: d
   data: [ -2.6857936299016882e-01, 7.9708096781582805e-02, 0., 0., 0. ]
M2: !!opencv-matrix
   rows: 3
   cols: 3
   dt: d
   data: [ 3.0753426998028931e+02, 0., 3.0470870782525890e+02, 0.,
       3.0753426998028931e+02, 2.2956334181182086e+02, 0., 0., 1. ]
D2: !!opencv-matrix
   rows: 1
   cols: 5
   dt: d
   data: [ -2.5590800588187407e-01, 5.9467933692329909e-02, 0., 0., 0. ]
