# oST version 5.0 parameters


[image]

width
640

height
480

[/left]

camera matrix
357.411708 0.000000 313.476970
0.000000 357.809589 237.642623
0.000000 0.000000 1.000000

distortion
-0.344088 0.153011 0.001176 -0.000600 -0.037072

rectification
0.994963 -0.009037 -0.099831
0.009170 0.999958 0.000871
0.099819 -0.001782 0.995004

projection
8490.034009 0.000000 457.534457 0.000000
0.000000 8490.034009 239.764815 0.000000
0.000000 0.000000 1.000000 0.000000

# oST version 5.0 parameters


[image]

width
640

height
480

[/right]

camera matrix
375.714308 0.000000 291.384653
0.000000 376.952535 228.769636
0.000000 0.000000 1.000000

distortion
-0.378268 0.232167 -0.001819 -0.000647 -0.132542

rectification
0.993704 -0.018645 -0.110471
0.018498 0.999826 -0.002355
0.110495 0.000297 0.993877

projection
8490.034009 0.000000 457.534457 -855.379655
0.000000 8490.034009 239.764815 0.000000
0.000000 0.000000 1.000000 0.000000

