%YAML:1.0
M1: !!opencv-matrix
   rows: 3
   cols: 3
   dt: d
   data: [ 2.3553574601729355e+02, 0., 3.1335094001952081e+02, 0.,
       2.3543340893217285e+02, 2.5446639680423689e+02, 0., 0., 1. ]
D1: !!opencv-matrix
   rows: 4
   cols: 1
   dt: d
   data: [ -1.0206605719885668e-03, -3.1812351048067421e-02,
       1.1197006330509598e-02, -3.3876245163278343e-03 ]
M2: !!opencv-matrix
   rows: 3
   cols: 3
   dt: d
   data: [ 2.3641686222032845e+02, 0., 3.2031241060975668e+02, 0.,
       2.3667802907507121e+02, 2.5491017857569040e+02, 0., 0., 1. ]
D2: !!opencv-matrix
   rows: 4
   cols: 1
   dt: d
   data: [ -5.1170391049266045e-02, 4.8795516733825796e-02,
       -4.4472989564327041e-02, 1.0769178642723747e-02 ]
