# oST version 5.0 parameters


[image]

width
640

height
480

[/left]

camera matrix
278.538962 0.000000 313.433200
0.000000 280.490227 257.175464
0.000000 0.000000 1.000000

distortion
-0.331431 0.092545 0.000259 -0.001004 -0.010453

rectification
0.977069 0.008807 -0.212741
-0.007773 0.999954 0.005698
0.212781 -0.003913 0.977092

projection
497051.733506 0.000000 419.627661 0.000000
0.000000 497051.733506 252.883943 0.000000
0.000000 0.000000 1.000000 0.000000

# oST version 5.0 parameters


[image]

width
640

height
480

[/right]

camera matrix
283.016249 0.000000 310.299297
0.000000 284.867449 258.787442
0.000000 0.000000 1.000000

distortion
-0.341709 0.098036 0.000522 0.000675 -0.011248

rectification
0.974649 0.000434 -0.223741
-0.001523 0.999988 -0.004692
0.223736 0.004913 0.974637

projection
497051.733506 0.000000 419.627661 -15795.191944
0.000000 497051.733506 252.883943 0.000000
0.000000 0.000000 1.000000 0.000000

