%YAML:1.0
R: !!opencv-matrix
   rows: 3
   cols: 3
   dt: d
   data: [ -4.5608582221123871e-02, 3.0500745672892801e-03,
       -9.9895473084265074e-01, 1.0238242336071898e-02,
       9.9994424483543631e-01, 2.5856554984393719e-03,
       9.9890692039931661e-01, -1.0109612535736461e-02,
       -4.5637266709679623e-02 ]
T: !!opencv-matrix
   rows: 3
   cols: 1
   dt: d
   data: [ 3.1426521403533858e-01, 6.2364961243171063e-03,
       3.4308186594471346e-01 ]
R1: !!opencv-matrix
   rows: 3
   cols: 3
   dt: d
   data: [ 7.0585760043071777e-01, 8.0082391512688710e-03,
       -7.0830848930383794e-01, -1.5552352856706454e-03,
       9.9995120219595601e-01, 9.7557403649459872e-03,
       7.0835205170691440e-01, -5.7845771287204709e-03,
       7.0583561082595314e-01 ]
R2: !!opencv-matrix
   rows: 3
   cols: 3
   dt: d
   data: [ 6.7539937760699464e-01, 1.3403092078585269e-02,
       7.3733034513087614e-01, -6.6246851836874732e-03,
       9.9990475186009375e-01, -1.2107879823536026e-02,
       -7.3742239881515748e-01, 3.2930730840848329e-03,
       6.7542383833809228e-01 ]
P1: !!opencv-matrix
   rows: 3
   cols: 4
   dt: d
   data: [ -6.2387072941259748e+02, 0., 2.1801109004020691e+02, 0., 0.,
       -6.2387072941259748e+02, 3.1500614118576050e+02, 0., 0., 0., 1.,
       0. ]
P2: !!opencv-matrix
   rows: 3
   cols: 4
   dt: d
   data: [ -6.2387072941259748e+02, 0., 2.1801109004020691e+02,
       -2.9028879032121080e+02, 0., -6.2387072941259748e+02,
       3.1500614118576050e+02, 0., 0., 0., 1., 0. ]
Q: !!opencv-matrix
   rows: 4
   cols: 4
   dt: d
   data: [ 1., 0., 0., -2.1801109004020691e+02, 0., 1., 0.,
       -3.1500614118576050e+02, 0., 0., 0., -6.2387072941259748e+02, 0.,
       0., -2.1491382037944735e+00, 0. ]
