%YAML:1.0
M1: !!opencv-matrix
   rows: 3
   cols: 3
   dt: d
   data: [ 4.1249332581400529e+02, 0., 1.1034980325175262e+02, 0.,
       4.1249332581400529e+02, 1.2088269510065035e+02, 0., 0., 1. ]
D1: !!opencv-matrix
   rows: 1
   cols: 5
   dt: d
   data: [ -2.4585340187798215e+00, 5.0602025619665234e+00, 0., 0., 0. ]
M2: !!opencv-matrix
   rows: 3
   cols: 3
   dt: d
   data: [ 4.1249332581400529e+02, 0., 2.0546029539135279e+02, 0.,
       4.1249332581400529e+02, 1.1548892853894986e+02, 0., 0., 1. ]
D2: !!opencv-matrix
   rows: 1
   cols: 5
   dt: d
   data: [ -1.3999574591300241e+00, 5.8499851224048027e-01, 0., 0., 0. ]
