# oST version 5.0 parameters


[image]

width
320

height
240

[narrow_stereo/left]

camera matrix
107.032781 0.000000 147.640349
0.000000 144.110810 114.525668
0.000000 0.000000 1.000000

distortion
-0.304828 0.066063 0.001703 0.006603 0.000000

rectification
0.998313 0.022833 0.053376
-0.022015 0.999632 -0.015869
-0.053718 0.014667 0.998448

projection
197.486332 0.000000 143.009817 0.000000
0.000000 197.486332 119.156522 0.000000
0.000000 0.000000 1.000000 0.000000

# oST version 5.0 parameters


[image]

width
320

height
240

[narrow_stereo/right]

camera matrix
117.182480 0.000000 153.986439
0.000000 155.626092 120.082734
0.000000 0.000000 1.000000

distortion
-0.312085 0.055889 0.002979 0.001600 0.000000

rectification
0.985400 0.019017 0.169192
-0.021608 0.999676 0.013489
-0.168881 -0.016948 0.985491

projection
197.486332 0.000000 143.009817 12.787605
0.000000 197.486332 119.156522 0.000000
0.000000 0.000000 1.000000 0.000000

