%YAML:1.0
R: !!opencv-matrix
   rows: 3
   cols: 3
   dt: d
   data: [ 9.9973218709656053e-01, -2.6514516739970873e-03,
       -2.2989647390688674e-02, 3.0474390393584938e-03,
       9.9984730955760925e-01, 1.7206704673230780e-02,
       2.2940514345348367e-02, -1.7272156044653091e-02,
       9.9958761768398274e-01 ]
T: !!opencv-matrix
   rows: 3
   cols: 1
   dt: d
   data: [ -3.3652186453634457e-02, 2.2323943821139819e-03,
       -4.1518216615009449e-04 ]
R1: !!opencv-matrix
   rows: 3
   cols: 3
   dt: d
   data: [ 9.9754480020501379e-01, -6.9034719220485624e-02,
       -1.1771963561262961e-02, 6.9129286239813098e-02,
       9.9757702370651125e-01, 7.8245483468863761e-03,
       1.1203274874471796e-02, -8.6191249560204318e-03,
       9.9990009366790222e-01 ]
R2: !!opencv-matrix
   rows: 3
   cols: 3
   dt: d
   data: [ 9.9773132034897050e-01, -6.6186778011436756e-02,
       1.2309460230437453e-02, 6.6285861648018848e-02,
       9.9777000520769910e-01, -7.8231229958321494e-03,
       -1.1764222893146228e-02, 8.6213180136805786e-03,
       9.9989363231067108e-01 ]
P1: !!opencv-matrix
   rows: 3
   cols: 4
   dt: d
   data: [ 7.1776877346648462e+01, 0., 8.7583951992012419e+02, 0., 0.,
       7.1776877346648462e+01, 3.2235165339167372e+02, 0., 0., 0., 1.,
       0. ]
P2: !!opencv-matrix
   rows: 3
   cols: 4
   dt: d
   data: [ 7.1776877346648462e+01, 0., 8.7583951992012419e+02,
       -2.4209411995648571e+00, 0., 7.1776877346648462e+01,
       3.2235165339167372e+02, 0., 0., 0., 1., 0. ]
Q: !!opencv-matrix
   rows: 4
   cols: 4
   dt: d
   data: [ 1., 0., 0., -8.7583951992012419e+02, 0., 1., 0.,
       -3.2235165339167372e+02, 0., 0., 0., 7.1776877346648462e+01, 0.,
       0., 2.9648335680168408e+01, 0. ]
