%YAML:1.0
M1: !!opencv-matrix
   rows: 3
   cols: 3
   dt: d
   data: [ 2.3454722026406847e+02, 0., 3.1718436164670288e+02, 0.,
       2.3564167325874149e+02, 2.5645244466506824e+02, 0., 0., 1. ]
D1: !!opencv-matrix
   rows: 4
   cols: 1
   dt: d
   data: [ -4.7309081054921744e-02, 9.6626356731481011e-02,
       -1.1912708419843171e-01, 4.2196543834417323e-02 ]
M2: !!opencv-matrix
   rows: 3
   cols: 3
   dt: d
   data: [ 2.3256209802090177e+02, 0., 3.2706151779138315e+02, 0.,
       2.3285238983558949e+02, 2.4955939680863000e+02, 0., 0., 1. ]
D2: !!opencv-matrix
   rows: 4
   cols: 1
   dt: d
   data: [ -2.2845050225130718e-02, 1.1360574287490091e-02,
       -1.5816242548554897e-02, 3.2722727871710533e-03 ]
