# oST version 5.0 parameters


[image]

width
640

height
480

[/left]

camera matrix
306.290332 0.000000 311.169815
0.000000 309.319037 251.698213
0.000000 0.000000 1.000000

distortion
-0.451790 0.191199 0.002290 -0.002136 -0.034082

rectification
0.976641 -0.032886 -0.212345
0.032043 0.999459 -0.007410
0.212474 0.000433 0.977167

projection
359.786240 0.000000 392.415271 0.000000
0.000000 359.786240 245.532055 0.000000
0.000000 0.000000 1.000000 0.000000

# oST version 5.0 parameters


[image]

width
640

height
480

[/right]

camera matrix
308.328042 0.000000 313.022382
0.000000 312.497083 252.603664
0.000000 0.000000 1.000000

distortion
-0.451962 0.184208 0.000239 -0.000140 -0.030862

rectification
0.973919 -0.025188 -0.225492
0.026084 0.999659 0.000991
0.225390 -0.006847 0.974245

projection
359.786240 0.000000 392.415271 -12.580169
0.000000 359.786240 245.532055 0.000000
0.000000 0.000000 1.000000 0.000000

