%YAML:1.0
R: !!opencv-matrix
   rows: 3
   cols: 3
   dt: d
   data: [ 9.9950028579774519e-01, -8.9293354881878288e-03,
       -3.0322362341432423e-02, 8.0839467102234875e-03,
       9.9957833518269246e-01, -2.7889095341787132e-02,
       3.0558607556824255e-02, 2.7630034403460579e-02,
       9.9915101596457956e-01 ]
T: !!opencv-matrix
   rows: 3
   cols: 1
   dt: d
   data: [ -3.2358848002063074e-02, -2.1368199105342455e-03,
       -3.7556220383701836e-04 ]
R1: !!opencv-matrix
   rows: 3
   cols: 3
   dt: d
   data: [ 9.9814778813792959e-01, 5.7270023450849243e-02,
       -2.0521633689790732e-02, -5.7539940162821948e-02,
       9.9826098513990158e-01, -1.2812526432063388e-02,
       1.9752172574621783e-02, 1.3969608493176747e-02,
       9.9970730802426855e-01 ]
R2: !!opencv-matrix
   rows: 3
   cols: 3
   dt: d
   data: [ 9.9775988067201893e-01, 6.5887178023651308e-02,
       1.1580168109243422e-02, -6.6036487809625913e-02,
       9.9773223356522467e-01, 1.3021996111098073e-02,
       -1.0695924416701016e-02, -1.3757538916100169e-02,
       9.9984815213303468e-01 ]
P1: !!opencv-matrix
   rows: 3
   cols: 4
   dt: d
   data: [ 5.2558571793051435e+01, 0., 7.5783332904875613e+02, 0., 0.,
       5.2558571793051435e+01, 1.7338213486769507e+02, 0., 0., 0., 1.,
       0. ]
P2: !!opencv-matrix
   rows: 3
   cols: 4
   dt: d
   data: [ 5.2558571793051435e+01, 0., 7.5783332904875613e+02,
       -1.7045532385120350e+00, 0., 5.2558571793051435e+01,
       1.7338213486769507e+02, 0., 0., 0., 1., 0. ]
Q: !!opencv-matrix
   rows: 4
   cols: 4
   dt: d
   data: [ 1., 0., 0., -7.5783332904875613e+02, 0., 1., 0.,
       -1.7338213486769507e+02, 0., 0., 0., 5.2558571793051435e+01, 0.,
       0., 3.0834221311228550e+01, 0. ]
