%YAML:1.0
M1: !!opencv-matrix
   rows: 3
   cols: 3
   dt: d
   data: [ 2.2686204626277106e+02, 0., 3.1774729336669742e+02, 0.,
       2.2735918308276095e+02, 2.3472273670030427e+02, 0., 0., 1. ]
D1: !!opencv-matrix
   rows: 4
   cols: 1
   dt: d
   data: [ 1.8164361309903111e-02, -6.2720111212804963e-02,
       4.2869218027651756e-02, -1.1186560088537755e-02 ]
M2: !!opencv-matrix
   rows: 3
   cols: 3
   dt: d
   data: [ 2.2491589796234595e+02, 0., 3.2337220419214935e+02, 0.,
       2.2516294228434072e+02, 2.2941543057854332e+02, 0., 0., 1. ]
D2: !!opencv-matrix
   rows: 4
   cols: 1
   dt: d
   data: [ 5.3242243947885723e-02, -1.4247589877057740e-01,
       1.0280810341582611e-01, -2.5568617010945219e-02 ]
