# oST version 5.0 parameters


[image]

width
640

height
480

[/left]

camera matrix
300.341255 0.000000 316.374607
0.000000 301.082646 245.846926
0.000000 0.000000 1.000000

distortion
-0.352867 0.098338 0.000859 -0.001531 -0.010675

rectification
0.995970 0.021865 -0.086976
-0.021264 0.999743 0.007828
0.087125 -0.005947 0.996180

projection
4311.386566 0.000000 377.265757 0.000000
0.000000 4311.386566 226.711183 0.000000
0.000000 0.000000 1.000000 0.000000

# oST version 5.0 parameters


[image]

width
640

height
480

[/right]

camera matrix
300.507991 0.000000 314.157682
0.000000 301.287524 229.394217
0.000000 0.000000 1.000000

distortion
-0.362889 0.105448 0.003292 -0.001916 -0.012068

rectification
0.994560 0.030721 -0.099530
-0.031407 0.999492 -0.005336
0.099315 0.008433 0.995020

projection
4311.386566 0.000000 377.265757 -142.995921
0.000000 4311.386566 226.711183 0.000000
0.000000 0.000000 1.000000 0.000000

