%YAML:1.0
R: !!opencv-matrix
   rows: 3
   cols: 3
   dt: d
   data: [ 9.9982377029537761e-01, 1.7407846413075575e-02,
       -7.0281744140798050e-03, -1.7011123616198453e-02,
       9.9844801689493978e-01, 5.3029984271886217e-02,
       7.9404046276225389e-03, -5.2901081669667734e-02,
       9.9856818772306621e-01 ]
T: !!opencv-matrix
   rows: 3
   cols: 1
   dt: d
   data: [ -1.0176462820995436e-01, 3.0294372611323404e-03,
       -3.4788062334072650e-03 ]
R1: !!opencv-matrix
   rows: 3
   cols: 3
   dt: d
   data: [ 9.9957518061886741e-01, -1.4108938158786914e-02,
       2.5502865619180620e-02, 1.3426123234701106e-02,
       9.9955199216470414e-01, 2.6749844381937574e-02,
       -2.5868852035702640e-02, -2.6396075912960698e-02,
       9.9931679144841346e-01 ]
R2: !!opencv-matrix
   rows: 3
   cols: 3
   dt: d
   data: [ 9.9897418096388890e-01, -2.9738521723652902e-02,
       3.4149759782743344e-02, 3.0635802142590925e-02,
       9.9919085474505298e-01, -2.6059229093176477e-02,
       -3.3347164716168456e-02, 2.7078702323827451e-02,
       9.9907692921308622e-01 ]
P1: !!opencv-matrix
   rows: 3
   cols: 4
   dt: d
   data: [ 1.2143372188689649e+02, 0., 3.3594174097574762e+02, 0., 0.,
       1.2143372188689649e+02, 2.5172403246539858e+02, 0., 0., 0., 1.,
       0. ]
P2: !!opencv-matrix
   rows: 3
   cols: 4
   dt: d
   data: [ 1.2143372188689649e+02, 0., 3.3594174097574762e+02,
       -1.2370347297712316e+01, 0., 1.2143372188689649e+02,
       2.5172403246539858e+02, 0., 0., 0., 1., 0. ]
Q: !!opencv-matrix
   rows: 4
   cols: 4
   dt: d
   data: [ 1., 0., 0., -3.3594174097574762e+02, 0., 1., 0.,
       -2.5172403246539858e+02, 0., 0., 0., 1.2143372188689649e+02, 0.,
       0., 9.8165167852121336e+00, 0. ]
