%YAML:1.0
M1: !!opencv-matrix
   rows: 3
   cols: 3
   dt: d
   data: [ 2.1137917302640807e+02, 0., 3.2606759555357036e+02, 0.,
       2.1293060805011805e+02, 2.4797877575524319e+02, 0., 0., 1. ]
D1: !!opencv-matrix
   rows: 4
   cols: 1
   dt: d
   data: [ -8.8966173024108669e-02, 3.0971694946431788e-01,
       -3.4259755750392545e-01, 1.2192142852443785e-01 ]
M2: !!opencv-matrix
   rows: 3
   cols: 3
   dt: d
   data: [ 2.0852958785432310e+02, 0., 3.2731366403082319e+02, 0.,
       2.0769571789948725e+02, 2.3557977151850994e+02, 0., 0., 1. ]
D2: !!opencv-matrix
   rows: 4
   cols: 1
   dt: d
   data: [ 4.4805629232755918e-03, 1.6208062100919035e-01,
       -1.7464241929730154e-01, 4.8702784689687466e-02 ]
