# oST version 5.0 parameters


[image]

width
640

height
480

[/left]

camera matrix
238.004179 0.000000 320.750350
0.000000 239.290268 237.620330
0.000000 0.000000 1.000000

distortion
-0.347070 0.143012 0.001253 -0.000506 -0.030361

rectification
0.991016 0.028556 -0.130656
-0.028541 0.999591 0.001990
0.130660 0.001757 0.991426

projection
188.326274 0.000000 330.316171 0.000000
0.000000 188.326274 244.063379 0.000000
0.000000 0.000000 1.000000 0.000000

# oST version 5.0 parameters


[image]

width
640

height
480

[/right]

camera matrix
259.531318 0.000000 314.697868
0.000000 260.962963 241.500847
0.000000 0.000000 1.000000

distortion
-0.347318 0.120330 0.000189 0.001803 -0.018464

rectification
0.985273 0.012798 -0.170511
-0.012818 0.999917 0.000984
0.170509 0.001216 0.985355

projection
188.326274 0.000000 330.316171 -19.900670
0.000000 188.326274 244.063379 0.000000
0.000000 0.000000 1.000000 0.000000

