%YAML:1.0
---
calibration_time: "Tue 08 Mar 2022 05:00:03 PM JST"
image_width: 640
image_height: 480
board_width: 6
board_height: 4
square_size: 9.9999997764825821e-03
flags: 0
camera_matrix: !!opencv-matrix
   rows: 3
   cols: 3
   dt: d
   data: [ 2.7276124573617790e+02, 0., 3.2933938280614751e+02, 0.,
       2.7301706435392521e+02, 2.4502942171375494e+02, 0., 0., 1. ]
#Modified manually.
distortion_coefficients: !!opencv-matrix
   rows: 5
   cols: 1
   dt: d
   data: [ -2.7764926296767156e-01, 7.9998204984529891e-02,
       -8.3937489998474823e-04, 6.0999999999999943e-04,
       -7.4899999999988864e-03 ]
#distortion_coefficients: !!opencv-matrix
   #rows: 5
   #cols: 1
   #dt: d
   #data: [ -2.7764926296767156e-01, 7.9998204984529891e-02,
       #-8.3937489998474823e-04, 6.0861352248037606e-04,
       #-1.0316685068640929e-02 ]
avg_reprojection_error: 3.8265612555313760e-01
image_points: !!opencv-matrix
   rows: 15
   cols: 24
   dt: "2f"
   data: [ 2.04272583e+02, 1.21503662e+02, 2.89763885e+02,
       1.17017227e+02, 3.85828461e+02, 1.20841064e+02, 4.73560730e+02,
       1.33070084e+02, 5.40316467e+02, 1.48593521e+02, 5.87210938e+02,
       1.63667618e+02, 1.99661072e+02, 2.08670761e+02, 2.83623596e+02,
       2.10369202e+02, 3.80986359e+02, 2.16049438e+02, 4.69092926e+02,
       2.22562561e+02, 5.35716675e+02, 2.28895721e+02, 5.82739014e+02,
       2.34511246e+02, 2.02820267e+02, 2.93435547e+02, 2.83293182e+02,
       3.01896881e+02, 3.73036194e+02, 3.07023010e+02, 4.56438751e+02,
       3.08474976e+02, 5.21989380e+02, 3.06385223e+02, 5.69445923e+02,
       3.02931854e+02, 2.11478683e+02, 3.63325043e+02, 2.84341675e+02,
       3.74478302e+02, 3.64134827e+02, 3.79364624e+02, 4.39727814e+02,
       3.77657532e+02, 5.02578644e+02, 3.71132843e+02, 5.49953247e+02,
       3.62314941e+02, 1.49517288e+02, 1.41390015e+02, 2.35076294e+02,
       1.44494583e+02, 3.36010071e+02, 1.55901825e+02, 4.30951935e+02,
       1.73607269e+02, 5.02658875e+02, 1.91665085e+02, 5.52291626e+02,
       2.07433762e+02, 1.45311035e+02, 2.32680344e+02, 2.26195435e+02,
       2.43402542e+02, 3.21731049e+02, 2.54770294e+02, 4.12873444e+02,
       2.65290710e+02, 4.84192383e+02, 2.72255707e+02, 5.34774353e+02,
       2.77114380e+02, 1.51384735e+02, 3.12455383e+02, 2.25267441e+02,
       3.26830475e+02, 3.10396820e+02, 3.37401276e+02, 3.92994476e+02,
       3.42354919e+02, 4.60506073e+02, 3.41899597e+02, 5.11641357e+02,
       3.38826508e+02, 1.62917618e+02, 3.73284149e+02, 2.28740585e+02,
       3.88203308e+02, 3.02544220e+02, 3.96716064e+02, 3.74671631e+02,
       3.99155548e+02, 4.37347290e+02, 3.95682770e+02, 4.86828461e+02,
       3.88739532e+02, 1.32436554e+02, 1.13861382e+02, 2.12042587e+02,
       1.12257004e+02, 3.11274963e+02, 1.19774445e+02, 4.10443665e+02,
       1.37432007e+02, 4.88923309e+02, 1.58908203e+02, 5.43562561e+02,
       1.78829681e+02, 1.25542290e+02, 2.03357544e+02, 2.02152298e+02,
       2.10458023e+02, 2.97940430e+02, 2.20691711e+02, 3.94882294e+02,
       2.33281906e+02, 4.72846497e+02, 2.43873489e+02, 5.28471558e+02,
       2.52448212e+02, 1.30385498e+02, 2.85565186e+02, 2.02171417e+02,
       2.99471558e+02, 2.89181915e+02, 3.11066833e+02, 3.76850464e+02,
       3.18232391e+02, 4.51157196e+02, 3.20643433e+02, 5.06619446e+02,
       3.19673737e+02, 1.42669327e+02, 3.51828979e+02, 2.07788467e+02,
       3.67469910e+02, 2.83698456e+02, 3.77753204e+02, 3.60508942e+02,
       3.82172760e+02, 4.28394714e+02, 3.80462891e+02, 4.82206604e+02,
       3.74436035e+02, 1.92306641e+02, 1.15654404e+02, 2.64551239e+02,
       1.37054932e+02, 3.47737610e+02, 1.66677673e+02, 4.27567017e+02,
       2.00608002e+02, 4.91571838e+02, 2.31598709e+02, 5.37915588e+02,
       2.57382874e+02, 1.69556030e+02, 1.92380081e+02, 2.37313599e+02,
       2.18423309e+02, 3.16290009e+02, 2.47913345e+02, 3.93800934e+02,
       2.76532837e+02, 4.58525269e+02, 2.99811432e+02, 5.07420898e+02,
       3.17425598e+02, 1.56441956e+02, 2.62957489e+02, 2.18325500e+02,
       2.90378876e+02, 2.89627136e+02, 3.18248108e+02, 3.61551392e+02,
       3.41894989e+02, 4.24091553e+02, 3.58904175e+02, 4.74028076e+02,
       3.70093903e+02, 1.50554520e+02, 3.19649109e+02, 2.06516327e+02,
       3.47373260e+02, 2.69787903e+02, 3.71801971e+02, 3.34137939e+02,
       3.91505890e+02, 3.92637360e+02, 4.04843170e+02, 4.41499054e+02,
       4.12108429e+02, 1.40876968e+02, 1.58301956e+02, 2.13770401e+02,
       1.43210495e+02, 2.94324310e+02, 1.32773422e+02, 3.70515045e+02,
       1.29234924e+02, 4.33431183e+02, 1.29619415e+02, 4.81377960e+02,
       1.32751907e+02, 1.53282349e+02, 2.34570740e+02, 2.24467972e+02,
       2.22666077e+02, 3.02416260e+02, 2.11416016e+02, 3.75927521e+02,
       2.02716995e+02, 4.36536682e+02, 1.96713318e+02, 4.83413239e+02,
       1.92825470e+02, 1.72066559e+02, 3.04412537e+02, 2.39060822e+02,
       2.95427551e+02, 3.10999329e+02, 2.83899323e+02, 3.79098877e+02,
       2.71472076e+02, 4.36268188e+02, 2.60098755e+02, 4.81229553e+02,
       2.50113098e+02, 1.92933258e+02, 3.61249969e+02, 2.54418228e+02,
       3.54238129e+02, 3.18868408e+02, 3.42691162e+02, 3.80290344e+02,
       3.28839508e+02, 4.33030853e+02, 3.14556610e+02, 4.75331573e+02,
       3.00533142e+02, 6.45463104e+01, 1.50396469e+02, 1.23400536e+02,
       1.34738831e+02, 2.00315689e+02, 1.21577469e+02, 2.89262756e+02,
       1.15358932e+02, 3.73376282e+02, 1.17218971e+02, 4.41816589e+02,
       1.23998581e+02, 7.17261353e+01, 2.26538513e+02, 1.29581696e+02,
       2.18242142e+02, 2.05228546e+02, 2.09503021e+02, 2.91965942e+02,
       2.02468292e+02, 3.74421356e+02, 1.98531601e+02, 4.41303864e+02,
       1.97273529e+02, 8.87142334e+01, 2.98120483e+02, 1.45427139e+02,
       2.96112488e+02, 2.16790268e+02, 2.91405365e+02, 2.97115479e+02,
       2.84459290e+02, 3.73374969e+02, 2.75665375e+02, 4.36657471e+02,
       2.67137970e+02, 1.11434715e+02, 3.57532867e+02, 1.65727173e+02,
       3.59360992e+02, 2.31255630e+02, 3.56578583e+02, 3.02504242e+02,
       3.49588196e+02, 3.70783875e+02, 3.38846191e+02, 4.28887604e+02,
       3.25971680e+02, 1.74633759e+02, 1.67666443e+02, 2.61579437e+02,
       1.69369705e+02, 3.57181641e+02, 1.76013733e+02, 4.42161835e+02,
       1.86771805e+02, 5.06014771e+02, 1.97916016e+02, 5.50845825e+02,
       2.07676132e+02, 1.76747253e+02, 2.55099564e+02, 2.58549133e+02,
       2.61148743e+02, 3.47864258e+02, 2.66157257e+02, 4.28569244e+02,
       2.69357239e+02, 4.91147797e+02, 2.71340027e+02, 5.36731628e+02,
       2.71805084e+02, 1.85755844e+02, 3.28761169e+02, 2.59765106e+02,
       3.36833435e+02, 3.39241455e+02, 3.40213318e+02, 4.12794250e+02,
       3.39073212e+02, 4.72634369e+02, 3.34514648e+02, 5.18529480e+02,
       3.28415314e+02, 1.97665680e+02, 3.84255402e+02, 2.63097382e+02,
       3.92483002e+02, 3.32296356e+02, 3.94413818e+02, 3.97428375e+02,
       3.91305359e+02, 4.53423553e+02, 3.84454590e+02, 4.97711945e+02,
       3.75453766e+02, 1.91401505e+02, 1.01616882e+02, 2.77189453e+02,
       9.87369766e+01, 3.67726440e+02, 1.05124870e+02, 4.47455872e+02,
       1.18669922e+02, 5.07596710e+02, 1.34771332e+02, 5.51005676e+02,
       1.49266663e+02, 1.88002853e+02, 1.87841232e+02, 2.72450745e+02,
       1.88466660e+02, 3.61982452e+02, 1.92523117e+02, 4.41079468e+02,
       1.99201385e+02, 5.01108978e+02, 2.06339584e+02, 5.44252014e+02,
       2.12691849e+02, 1.92682037e+02, 2.70875092e+02, 2.71760406e+02,
       2.74433655e+02, 3.55213776e+02, 2.76260010e+02, 4.29776123e+02,
       2.76309052e+02, 4.88383850e+02, 2.74687256e+02, 5.31723877e+02,
       2.73585083e+02, 2.02788727e+02, 3.39068054e+02, 2.73957214e+02,
       3.44205597e+02, 3.48109680e+02, 3.43963501e+02, 4.16223511e+02,
       3.40249969e+02, 4.72186432e+02, 3.34091187e+02, 5.15207764e+02,
       3.26703857e+02, 9.33334808e+01, 9.48730621e+01, 1.50220169e+02,
       8.53233566e+01, 2.23689163e+02, 8.01344376e+01, 3.08953522e+02,
       8.34125519e+01, 3.92126404e+02, 9.57807388e+01, 4.60926086e+02,
