%YAML:1.0
calibration_time: "Mon May  9 15:56:15 2016"
nframes: 10
image_width: 640
image_height: 480
board_width: 8
board_height: 6
square_size: 2.4700000882148743e-02
# flags: +recompute_extrinsic+check_cond+fix_skew
flags: 14
camera_matrix: !!opencv-matrix
   rows: 3
   cols: 3
   dt: d
   data: [ 2.4689895097908132e+02, 0., 3.1791803924805231e+02, 0.,
       2.4729203406356467e+02, 2.5226681576574657e+02, 0., 0., 1. ]
distortion_coefficients: !!opencv-matrix
   rows: 4
   cols: 1
   dt: d
   data: [ 7.4821768636007757e-02, -4.1857152566333633e-01,
       4.5945885349299259e-01, -1.6476911704055633e-01 ]
avg_reprojection_error: 2.1686763229412462e+00
per_view_reprojection_errors: !!opencv-matrix
   rows: 10
   cols: 1
   dt: f
   data: [ 1.87341511e-01, 3.62979621e-01, 9.07607675e-01,
       2.46017799e-01, 2.97696686e+00, 2.44276881e+00, 3.12136579e+00,
       4.47350311e+00, 6.87203586e-01, 9.61033940e-01 ]
# a set of 6-tuples (rotation vector + translation vector) for each view
extrinsic_parameters: !!opencv-matrix
   rows: 10
   cols: 6
   dt: d
   data: [ -1.4750778046572841e-01, -1.2899789526332320e-01,
       5.5755210293906343e-02, -1.5752297071760735e-01,
       -8.4017920800044096e-02, 3.2072466800385296e-01,
       -3.9727861558886302e-02, 1.5366140852742863e-02,
       5.0468535976566732e-02, -1.0766262318196665e-01,
       -9.6547582522745382e-02, 1.5543678129563049e-01,
       1.2486278796689761e-02, 3.5317713441389768e-03,
       1.4525972494483400e-02, -9.9819609663727521e-02,
       -1.7439773937799902e-01, 1.6098513508703180e-01,
       -1.4449443845490426e-01, 2.4439705417956224e-03,
       7.9527641315731146e-02, -1.0379948729500976e-01,
       3.8922337371392730e-02, 2.0657041602543802e-01,
       -1.9320503397913819e-01, 1.2793682647778551e-01,
       8.2742621922386753e-02, 1.0469807487166076e-01,
       -9.2499752820628153e-02, 2.9108017277325787e-01,
       -1.3217872236526065e-01, -4.3779198823696724e-01,
       7.6167334758614036e-02, -2.6949831388317697e-01,
       -1.0749818526895388e-01, 1.2292543127270211e-01,
       -4.0856015111760645e-02, -1.5467104932123366e-01,
       -8.3387031147353796e-02, -1.9115509295895827e-01,
       -1.8739071674842211e-01, 1.7803977521482053e-01,
       -1.2298859078922413e-01, -3.4396682173595435e-02,
       -1.4048186906742369e-02, 1.2201863554795113e-02,
       -2.1574583208504414e-01, 2.8487722237003349e-01,
       -1.9854724364060419e-01, 2.2764099316301659e-01,
       5.9907480413399737e-02, 6.6934079667240923e-02,
       1.4636289717717696e-02, 2.5160935043495986e-01,
       -2.4712154883742241e-01, -9.0790366667581834e-02,
       -3.5413272059266060e-03, -1.8412540205312741e-01,
       2.5231093810042182e-02, 1.4596716254703193e-01 ]
image_points: !!opencv-matrix
   rows: 10
   cols: 48
   dt: "2f"
   data: [ 2.07669617e+02, 1.93230820e+02, 2.23371353e+02,
       1.93559174e+02, 2.40261063e+02, 1.94069809e+02, 2.57133606e+02,
       1.94851562e+02, 2.74782349e+02, 1.95969635e+02, 2.92294464e+02,
       1.97356033e+02, 3.10215424e+02, 1.98724197e+02, 3.27287048e+02,
       2.00434158e+02, 2.04513412e+02, 2.09550980e+02, 2.20790359e+02,
       2.09922974e+02, 2.37529022e+02, 2.10661804e+02, 2.55193588e+02,
       2.11633896e+02, 2.72861328e+02, 2.12672531e+02, 2.91265869e+02,
       2.14172516e+02, 3.08925964e+02, 2.15563629e+02, 3.26858795e+02,
       2.17177979e+02, 2.02001923e+02, 2.26560989e+02, 2.18198257e+02,
       2.27381577e+02, 2.35493790e+02, 2.28343414e+02, 2.52999680e+02,
       2.29450500e+02, 2.71430511e+02, 2.30438339e+02, 2.89678223e+02,
       2.31658768e+02, 3.08245667e+02, 2.33168930e+02, 3.26165558e+02,
       2.34531281e+02, 1.99545670e+02, 2.44248123e+02, 2.16089615e+02,
       2.45364914e+02, 2.33402878e+02, 2.46441452e+02, 2.51495255e+02,
       2.47614380e+02, 2.69772736e+02, 2.48805389e+02, 2.88613403e+02,
       2.50108032e+02, 3.07193878e+02, 2.51370651e+02, 3.25543091e+02,
       2.52526337e+02, 1.97705185e+02, 2.62430603e+02, 2.14337204e+02,
       2.63694153e+02, 2.31815216e+02, 2.65143982e+02, 2.49827194e+02,
       2.66402222e+02, 2.68684814e+02, 2.67625793e+02, 2.87502930e+02,
       2.68850647e+02, 3.06419464e+02, 2.69970337e+02, 3.24687805e+02,
       2.71151581e+02, 1.96377182e+02, 2.80761017e+02, 2.13073425e+02,
       2.82489868e+02, 2.30520798e+02, 2.83915100e+02, 2.48826859e+02,
       2.85468018e+02, 2.67490570e+02, 2.86712769e+02, 2.86648865e+02,
       2.87854736e+02, 3.05431152e+02, 2.88866943e+02, 3.24155670e+02,
       2.89682190e+02, 1.83565155e+02, 1.31448517e+02, 2.08762650e+02,
       1.26776222e+02, 2.38059937e+02, 1.22811478e+02, 2.70261780e+02,
       1.20552277e+02, 3.04957397e+02, 1.20102142e+02, 3.40473999e+02,
       1.21530960e+02, 3.75401764e+02, 1.25257431e+02, 4.07618439e+02,
       1.30459229e+02, 1.76237091e+02, 1.58504883e+02, 2.02063049e+02,
       1.54655243e+02, 2.31926926e+02, 1.51765350e+02, 2.65665527e+02,
       1.49845184e+02, 3.02312195e+02, 1.49734512e+02, 3.39944702e+02,
       1.51450012e+02, 3.76699219e+02, 1.54857269e+02, 4.11000458e+02,
       1.59771393e+02, 1.69930496e+02, 1.88574677e+02, 1.95766434e+02,
       1.86443726e+02, 2.26483200e+02, 1.84688416e+02, 2.61297363e+02,
       1.84021286e+02, 2.99522766e+02, 1.84456375e+02, 3.38994141e+02,
       1.86274826e+02, 3.77555359e+02, 1.89391479e+02, 4.12839844e+02,
       1.93450729e+02, 1.65187408e+02, 2.21297867e+02, 1.91141556e+02,
       2.20903870e+02, 2.22117325e+02, 2.21180222e+02, 2.57607269e+02,
       2.21780426e+02, 2.96903168e+02, 2.23106750e+02, 3.37676697e+02,
       2.25182602e+02, 3.77257568e+02, 2.27531204e+02, 4.13648132e+02,
       2.30461288e+02, 1.62491379e+02, 2.55147537e+02, 1.88371231e+02,
       2.57262054e+02, 2.19437958e+02, 2.59330933e+02, 2.55070984e+02,
       2.61573730e+02, 2.94614716e+02, 2.64013947e+02, 3.35816925e+02,
       2.66119141e+02, 3.75798859e+02, 2.67940796e+02, 4.12611938e+02,
       2.69256592e+02, 1.61994385e+02, 2.89002289e+02, 1.87719772e+02,
       2.93288879e+02, 2.18505310e+02, 2.97446106e+02, 2.53800354e+02,
       3.01425201e+02, 2.92910919e+02, 3.04581146e+02, 3.33586456e+02,
       3.06792419e+02, 3.73253326e+02, 3.07834015e+02, 4.09708618e+02,
       3.07703003e+02, 2.14742615e+02, 6.35131378e+01, 2.36310898e+02,
       6.35147934e+01, 2.62059601e+02, 5.92453156e+01, 2.88638641e+02,
       5.67571793e+01, 3.16936829e+02, 5.58870621e+01, 3.44324799e+02,
       5.68956604e+01, 3.72179993e+02, 5.97596359e+01, 3.96632629e+02,
       6.05601692e+01, 2.06515930e+02, 8.61434250e+01, 2.31288834e+02,
       8.05938644e+01, 2.57837433e+02, 7.64792023e+01, 2.86589325e+02,
       7.35634232e+01, 3.15992523e+02, 7.27191467e+01, 3.46227417e+02,
       7.38722153e+01, 3.74494019e+02, 7.68312836e+01, 4.02464935e+02,
       8.14911423e+01, 2.00574646e+02, 1.06174118e+02, 2.25634521e+02,
       1.00899284e+02, 2.53911896e+02, 9.65613556e+01, 2.83926880e+02,
       9.39229507e+01, 3.15720062e+02, 9.31744080e+01, 3.47242340e+02,
       9.42397919e+01, 3.78118439e+02, 9.72733994e+01, 4.06535309e+02,
       1.01693336e+02, 1.94390015e+02, 1.29501633e+02, 2.20520432e+02,
       1.24498726e+02, 2.49694794e+02, 1.20473343e+02, 2.81616577e+02,
       1.17828064e+02, 3.14942169e+02, 1.17257637e+02, 3.48678253e+02,
       1.18339783e+02, 3.80846741e+02, 1.21344818e+02, 4.11179901e+02,
       1.25695808e+02, 1.88872345e+02, 1.55908997e+02, 2.15560242e+02,
       1.51822159e+02, 2.45974426e+02, 1.48382599e+02, 2.79298981e+02,
       1.46271606e+02, 3.14461121e+02, 1.45491440e+02, 3.49790558e+02,
       1.46593491e+02, 3.83714569e+02, 1.49404129e+02, 4.14862640e+02,
       1.53327362e+02, 1.84443985e+02, 1.85617188e+02, 2.11617294e+02,
       1.82549072e+02, 2.42694824e+02, 1.80220978e+02, 2.77288116e+02,
       1.78540298e+02, 3.13793091e+02, 1.78390930e+02, 3.50758209e+02,
       1.79358627e+02, 3.85841858e+02, 1.81480240e+02, 4.18162781e+02,
       1.84577835e+02, 2.04298599e+02, 2.94774994e+02, 2.27969711e+02,
