%YAML:1.0
R: !!opencv-matrix
   rows: 3
   cols: 3
   dt: d
   data: [ 9.9804053454087760e-01, -2.3518279854011743e-02,
       5.7982600200988159e-02, 2.3537080704263868e-02,
       9.9972290016635568e-01, 3.5876857693862695e-04,
       -5.7974970851913464e-02, 1.0066755580694542e-03,
       9.9831752932573536e-01 ]
T: !!opencv-matrix
   rows: 3
   cols: 1
   dt: d
   data: [ 1.0856537799934998e-01, 3.7273926864741857e-04,
       4.8453514822368463e-03 ]
R1: !!opencv-matrix
   rows: 3
   cols: 3
   dt: d
   data: [ 9.9453800588325769e-01, -2.0020938555731050e-02,
       1.0243689214878195e-01, 2.0069606892473186e-02,
       9.9979843076692465e-01, 5.5562143292175363e-04,
       -1.0242736808556166e-01, 1.5032815247887060e-03,
       9.9473934998657920e-01 ]
R2: !!opencv-matrix
   rows: 3
   cols: 3
   dt: d
   data: [ 9.9899965841213301e-01, 3.4298816889651632e-03,
       4.4586078590085870e-02, -3.4510417259797938e-03,
       9.9999396608472302e-01, 3.9762438480359585e-04,
       -4.4584445756868596e-02, -5.5109504220734855e-04,
       9.9900546719765615e-01 ]
P1: !!opencv-matrix
   rows: 3
   cols: 4
   dt: d
   data: [ 1.5390972505667557e+02, 0., 1.4092996215820312e+02, 0., 0.,
       1.5390972505667557e+02, 1.2002208232879639e+02, 0., 0., 0., 1.,
       0. ]
P2: !!opencv-matrix
   rows: 3
   cols: 4
   dt: d
   data: [ 1.5390972505667557e+02, 0., 1.4092996215820312e+02,
       1.6725999191143540e+01, 0., 1.5390972505667557e+02,
       1.2002208232879639e+02, 0., 0., 0., 1., 0. ]
Q: !!opencv-matrix
   rows: 4
   cols: 4
   dt: d
   data: [ 1., 0., 0., -1.4092996215820312e+02, 0., 1., 0.,
       -1.2002208232879639e+02, 0., 0., 0., 1.5390972505667557e+02, 0.,
       0., -9.2018254513710094e+00, 0. ]
