%YAML:1.0
M1: !!opencv-matrix
   rows: 3
   cols: 3
   dt: d
   data: [ 2.9626599933569219e+02, 0., 1.6184603192794432e+02, 0.,
       2.9626599933569219e+02, 1.2062472517136455e+02, 0., 0., 1. ]
D1: !!opencv-matrix
   rows: 1
   cols: 5
   dt: d
   data: [ -9.5718286674593955e-01, 5.5100676290063433e-01, 0., 0., 0. ]
M2: !!opencv-matrix
   rows: 3
   cols: 3
   dt: d
   data: [ 2.9626599933569219e+02, 0., 1.5155442285138082e+02, 0.,
       2.9626599933569219e+02, 1.2572611251394234e+02, 0., 0., 1. ]
D2: !!opencv-matrix
   rows: 1
   cols: 5
   dt: d
   data: [ -9.1360274666696106e-01, 4.7062238783025478e-01, 0., 0., 0. ]
