# oST version 5.0 parameters


[image]

width
320

height
240

[narrow_stereo/left]

camera matrix
209.747809 0.000000 150.672793
0.000000 209.589881 128.497419
0.000000 0.000000 1.000000

distortion
-0.475378 0.171944 -0.006024 0.013536 0.000000

rectification
0.591497 -0.034730 0.805559
0.016578 0.999385 0.030913
-0.806137 -0.004930 0.591708

projection
148.588264 0.000000 1100.172936 0.000000
0.000000 148.588264 169.603284 0.000000
0.000000 0.000000 1.000000 0.000000

# oST version 5.0 parameters


[image]

width
320

height
240

[narrow_stereo/right]

camera matrix
499.860219 0.000000 154.581560
0.000000 476.692247 117.916771
0.000000 0.000000 1.000000

distortion
-1.179609 2.288965 0.025810 -0.175213 0.000000

rectification
0.453952 0.015244 0.890896
0.005752 0.999783 -0.020038
-0.891008 0.014221 0.453766

projection
148.588264 0.000000 1100.172936 47.472703
0.000000 148.588264 169.603284 0.000000
0.000000 0.000000 1.000000 0.000000

