%YAML:1.0
R: !!opencv-matrix
   rows: 3
   cols: 3
   dt: d
   data: [ 9.9904284181458891e-01, 2.1326255445629591e-02,
       -3.8191504915333019e-02, -2.0599880527730721e-02,
       9.9960124906725079e-01, 1.9312891690144617e-02,
       3.8588147678702750e-02, -1.8507665759349302e-02,
       9.9908379086384280e-01 ]
T: !!opencv-matrix
   rows: 3
   cols: 1
   dt: d
   data: [ -9.5486685992503831e-02, 1.9336179259897670e-03,
       -5.6867328632747944e-03 ]
R1: !!opencv-matrix
   rows: 3
   cols: 3
   dt: d
   data: [ 9.9978205523327290e-01, -1.7994047938509733e-05,
       2.0876822309614244e-02, -1.8178139512170440e-04,
       9.9995421573306476e-01, 9.5673085659311700e-03,
       -2.0876038634217820e-02, -9.5690184389826769e-03,
       9.9973627767379580e-01 ]
R2: !!opencv-matrix
   rows: 3
   cols: 3
   dt: d
   data: [ 9.9802740464796247e-01, -2.0210185956268157e-02,
       5.9437765395960705e-02, 2.0778281724962246e-02,
       9.9974400012595643e-01, -8.9552900963440502e-03,
       -5.9241561257366453e-02, 1.0172639567223370e-02,
       9.9819184269559380e-01 ]
P1: !!opencv-matrix
   rows: 3
   cols: 4
   dt: d
   data: [ 1.8484502173117880e+02, 0., 2.9948559570312500e+02, 0., 0.,
       1.8484502173117880e+02, 2.2994529342651367e+02, 0., 0., 0., 1.,
       0. ]
P2: !!opencv-matrix
   rows: 3
   cols: 4
   dt: d
   data: [ 1.8484502173117880e+02, 0., 2.9948559570312500e+02,
       -1.7685124141003371e+01, 0., 1.8484502173117880e+02,
       2.2994529342651367e+02, 0., 0., 0., 1., 0. ]
Q: !!opencv-matrix
   rows: 4
   cols: 4
   dt: d
   data: [ 1., 0., 0., -2.9948559570312500e+02, 0., 1., 0.,
       -2.2994529342651367e+02, 0., 0., 0., 1.8484502173117880e+02, 0.,
       0., 1.0452005892489685e+01, 0. ]
