%YAML:1.0
M1: !!opencv-matrix
   rows: 3
   cols: 3
   dt: d
   data: [ 3.6514986471119505e+02, 0., 3.3405871396329053e+02, 0.,
       3.6514986471119505e+02, 2.3159760543740992e+02, 0., 0., 1. ]
D1: !!opencv-matrix
   rows: 1
   cols: 5
   dt: d
   data: [ -3.4174850288810332e-01, 8.6432001849228529e-02, 0., 0., 0. ]
M2: !!opencv-matrix
   rows: 3
   cols: 3
   dt: d
   data: [ 3.6514986471119505e+02, 0., 3.2670232168059505e+02, 0.,
       3.6514986471119505e+02, 2.1699532423018869e+02, 0., 0., 1. ]
D2: !!opencv-matrix
   rows: 1
   cols: 5
   dt: d
   data: [ -3.0483128763186357e-01, 5.4009212805851192e-02, 0., 0., 0. ]
