# oST version 5.0 parameters


[image]

width
640

height
480

[/left]

camera matrix
453.932769 0.000000 319.394616
0.000000 451.193292 241.460233
0.000000 0.000000 1.000000

distortion
-0.458692 0.283863 -0.004690 -0.002636 -0.097061

rectification
0.784514 -0.016903 0.619881
0.006250 0.999793 0.019352
-0.620080 -0.011307 0.784457

projection
1378.242533 0.000000 -1165.817404 0.000000
0.000000 1378.242533 446.719282 0.000000
0.000000 0.000000 1.000000 0.000000

# oST version 5.0 parameters


[image]

width
640

height
480

[/right]

camera matrix
364.772468 0.000000 300.024993
0.000000 366.112347 222.195516
0.000000 0.000000 1.000000

distortion
-0.362383 0.183989 -0.000606 -0.000896 -0.055014

rectification
0.812009 -0.016935 0.583399
0.026880 0.999603 -0.008395
-0.583026 0.022499 0.812142

projection
1378.242533 0.000000 -1165.817404 -197.986405
0.000000 1378.242533 446.719282 0.000000
0.000000 0.000000 1.000000 0.000000

