%YAML:1.0
R: !!opencv-matrix
   rows: 3
   cols: 3
   dt: d
   data: [ 9.9884791814102591e-01, 1.0706652281545641e-02,
       -4.6778243043752908e-02, -1.1802572467998755e-02,
       9.9966082541437218e-01, -2.3214939478570437e-02,
       4.6513822767817979e-02, 2.3740297571389540e-02,
       9.9863550035172788e-01 ]
T: !!opencv-matrix
   rows: 3
   cols: 1
   dt: d
   data: [ -9.8810210649725796e-02, 1.9244930289562718e-03,
       -4.3405022229828722e-03 ]
R1: !!opencv-matrix
   rows: 3
   cols: 3
   dt: d
   data: [ 9.9996724987988805e-01, -7.7116494409080125e-03,
       -2.4555306053902284e-03, 7.6820315008460050e-03,
       9.9990026552267464e-01, -1.1850966192881377e-02,
       2.5466762011442969e-03, 1.1831714608853214e-02,
       9.9992675980280732e-01 ]
R2: !!opencv-matrix
   rows: 3
   cols: 3
   dt: d
   data: [ 9.9884750521011256e-01, -1.9454214783345164e-02,
       4.3877042547298767e-02, 1.8933133007764041e-02,
       9.9974557649388696e-01, 1.2260454943267114e-02,
       -4.4104396720103856e-02, -1.1415594950288026e-02,
       9.9896170416181951e-01 ]
P1: !!opencv-matrix
   rows: 3
   cols: 4
   dt: d
   data: [ 3.6453132546324190e+02, 0., 2.7417342376708984e+02, 0., 0.,
       3.6453132546324190e+02, 2.2888362121582031e+02, 0., 0., 0., 1.,
       0. ]
P2: !!opencv-matrix
   rows: 3
   cols: 4
   dt: d
   data: [ 3.6453132546324190e+02, 0., 2.7417342376708984e+02,
       -3.6060977145725374e+01, 0., 3.6453132546324190e+02,
       2.2888362121582031e+02, 0., 0., 0., 1., 0. ]
Q: !!opencv-matrix
   rows: 4
   cols: 4
   dt: d
   data: [ 1., 0., 0., -2.7417342376708984e+02, 0., 1., 0.,
       -2.2888362121582031e+02, 0., 0., 0., 3.6453132546324190e+02, 0.,
       0., 1.0108747857556406e+01, 0. ]
