%YAML:1.0
M1: !!opencv-matrix
   rows: 3
   cols: 3
   dt: d
   data: [ 5.1788235320676495e+02, 0., 2.9370720648758828e+02, 0.,
       5.1788235320676495e+02, 2.3112301833106838e+02, 0., 0., 1. ]
D1: !!opencv-matrix
   rows: 1
   cols: 5
   dt: d
   data: [ -3.3762051091420281e-01, 1.3113603979454339e-01, 0., 0., 0. ]
M2: !!opencv-matrix
   rows: 3
   cols: 3
   dt: d
   data: [ 5.1788235320676495e+02, 0., 2.9389948204446262e+02, 0.,
       5.1788235320676495e+02, 2.3023001273290765e+02, 0., 0., 1. ]
D2: !!opencv-matrix
   rows: 1
   cols: 5
   dt: d
   data: [ -3.2617490237823077e-01, 1.0803397002048579e-01, 0., 0., 0. ]
