# oST version 5.0 parameters


[image]

width
640

height
480

[/left]

camera matrix
543.892273 0.000000 303.622475
0.000000 544.938245 241.531366
0.000000 0.000000 1.000000

distortion
-0.365720 0.192361 0.000698 0.000131 -0.073144

rectification
0.999692 -0.014762 0.019949
0.014589 0.999855 0.008754
-0.020075 -0.008460 0.999763

projection
529.905862 0.000000 277.622149 0.000000
0.000000 529.905862 231.173916 0.000000
0.000000 0.000000 1.000000 0.000000

# oST version 5.0 parameters


[image]

width
640

height
480

[/right]

camera matrix
542.892852 0.000000 281.731154
0.000000 545.692977 218.820270
0.000000 0.000000 1.000000

distortion
-0.344962 0.032301 -0.000258 0.000469 0.249421

rectification
0.999484 -0.023849 0.021524
0.024033 0.999676 -0.008350
-0.021317 0.008863 0.999733

projection
529.905862 0.000000 277.622149 -52.673902
0.000000 529.905862 231.173916 0.000000
0.000000 0.000000 1.000000 0.000000

