%YAML:1.0
M1: !!opencv-matrix
   rows: 3
   cols: 3
   dt: d
   data: [ 3.8293834221467699e+02, 0., 3.1026317605816627e+02, 0.,
       3.8293834221467699e+02, 2.4947612517173192e+02, 0., 0., 1. ]
D1: !!opencv-matrix
   rows: 1
   cols: 5
   dt: d
   data: [ -4.6510529183355342e-01, 1.3198761779602841e-01, 0., 0., 0. ]
M2: !!opencv-matrix
   rows: 3
   cols: 3
   dt: d
   data: [ 3.8293834221467699e+02, 0., 3.1934008487600784e+02, 0.,
       3.8293834221467699e+02, 2.4253249841267123e+02, 0., 0., 1. ]
D2: !!opencv-matrix
   rows: 1
   cols: 5
   dt: d
   data: [ -4.4537375525927131e-01, 1.1112762762819542e-01, 0., 0., 0. ]
