%YAML:1.0

#Speed#6
LIN_SPEED: 0.12
LIN_ACC:    0.25

#Angled initial Q for faster retries:
Q_INIT: [0.0, -0.12994734942913055  -0.5056460499763489, 0.0, -0.82935631275177, 0]
Q_STORE: [0, -0.46777594089508057, -1.011384129524231, 0.0, -1.036156177520752, 0]
G_DUMP: 0.08
G_INIT: 0.03

ROBOT:
  BASE_FRAME: base_link
  WRIST_FRAME: tool0
  HAS_HAND: True

CAMERA:
  frame: robot_base
  lx: [0.62891058775078168, 0.14668250361195276, 1.0175813048774187, -0.69990524958767508, 0.71419076572961793, 0.0078184711644437039, 0.0017502156458459597]
  frame: robot_base

